mission_name: 5.4
frame_id: map
planning_mode: straight_line
segments:
  - segment_name: seg_001
    start:
      x: 0.070907187637777189
      y: -0.01480546221449841
      yaw: 0.0044018779575882537
    waypoints:
      - x: 0.77629578416199496
        y: 0.0021204263422400227
        yaw: 0.029788430045947972
      - x: 0.076273834697616977
        y: -0.010914319140526374
        yaw: -0.0039844432556112811
      - x: -0.83216281716482032
        y: -0.0072010751427299957
        yaw: 0.024843934413247656
    goal:
      x: 0.073002365405672745
      y: -0.00014767327204956437
      yaw: 0.017573039785291164
